0.00	1	61.6F	8.8
0.05	2	61.6F	8.8
0.10	3	61.6F	8.8
0.15	3	61.6F	8.8
0.20	4	61.6F	8.8
0.25	11	61.6F	8.8
0.30	13	61.6F	8.8
0.35	20	61.6F	8.8
0.40	27	61.6F	8.8
0.45	37	61.6F	8.8
0.50	44	61.6F	8.8
0.55	51	61.6F	8.8
0.60	52	61.6F	8.8
0.65	50	61.6F	8.8
0.70	43	61.6F	8.8
0.75	45	61.6F	8.8
0.80	56	61.6F	8.8
0.85	68	61.6F	8.8
0.90	81	61.6F	8.8
0.95	96	61.6F	8.8
1.00	110	61.5F	8.8
1.05	121	61.6F	8.8
1.10	132	61.6F	8.8
1.15	137	61.6F	8.8
1.20	143	61.6F	8.8
1.25	143	61.6F	8.8
1.30	150	61.6F	8.8
1.35	152	61.6F	8.8
1.40	163	61.6F	8.8
1.45	174	61.6F	8.8
1.50	187	61.6F	8.8
1.55	197	61.6F	8.8
1.60	202	61.6F	8.8
1.65	202	61.6F	8.8
1.70	206	61.6F	8.8
1.75	222	61.6F	8.8
1.80	247	61.6F	8.8
1.85	267	61.6F	8.8
1.90	263	61.6F	8.8
1.95	355	61.6F	8.8
2.00	420	61.5F	8.8
2.05	466	61.5F	8.8
2.10	470	61.5F	8.8
2.15	441	61.5F	8.8
2.20	453	61.5F	8.8
2.25	496	61.5F	8.8
2.30	551	61.5F	8.8
2.35	611	61.6F	8.8
2.40	628	61.5F	8.8
2.45	671	61.6F	8.8
2.50	704	61.5F	8.8
2.55	764	61.5F	8.8
2.60	781	61.5F	8.8
2.65	823	61.5F	8.8
2.70	860	61.5F	8.8
2.75	896	61.5F	8.8
2.80	943	61.5F	8.8
2.85	979	61.5F	8.8
2.90	1003	61.5F	8.8
2.95	1038	61.5F	8.8
3.00	1063	61.5F	8.8
3.05	1089	61.5F	8.8
3.10	1125	61.5F	8.8
3.15	1171	61.5F	8.8
3.20	1215	61.5F	8.8
3.25	1253	61.5F	8.8
3.30	1283	61.5F	8.8
3.35	1308	61.5F	8.8
3.40	1326	61.5F	8.8
3.45	1353	61.5F	8.8
3.50	1385	61.5F	8.8
3.55	1420	61.5F	8.8
3.60	1465	61.5F	8.8
3.65	1496	61.5F	8.8
3.70	1526	61.5F	8.8
3.75	1560	61.5F	8.8
3.80	1590	61.5F	8.8
3.85	1623	61.5F	8.8
3.90	1652	61.5F	8.8
3.95	1670	61.5F	8.8
4.00	1693	61.5F	8.8
4.05	1729	61.5F	8.8
4.10	1766	61.5F	8.8
4.15	1798	61.5F	8.8
4.20	1826	61.5F	8.8
4.25	1854	61.5F	8.8
4.30	1879	61.5F	8.8
4.35	1904	61.5F	8.8
4.40	1931	61.5F	8.8
4.45	1963	61.5F	8.8
4.50	1990	61.5F	8.8
4.55	2024	61.5F	8.8
4.60	2055	61.5F	8.8
4.65	2074	61.5F	8.8
4.70	2100	61.5F	8.8
4.75	2128	61.4F	8.8
4.80	2156	61.5F	8.8
4.85	2182	61.4F	8.8
4.90	2201	61.5F	8.8
4.95	2225	61.4F	8.8
5.00	2248	61.5F	8.8
5.05	2275	61.4F	8.8
5.10	2303	61.5F	8.8
5.15	2338	61.5F	8.8
5.20	2365	61.4F	8.8
5.25	2385	61.4F	8.8
5.30	2393	61.4F	8.8
5.35	2409	61.5F	8.8
5.40	2437	61.4F	8.8
5.45	2470	61.4F	8.8
5.50	2502	61.4F	8.8
5.55	2531	61.4F	8.8
5.60	2555	61.4F	8.8
5.65	2575	61.4F	8.8
5.70	2590	61.4F	8.8
5.75	2611	61.4F	8.8
5.80	2632	61.4F	8.8
5.85	2655	61.4F	8.8
5.90	2684	61.4F	8.8
5.95	2709	61.4F	8.8
6.00	2727	61.4F	8.8
6.05	2749	61.4F	8.8
6.10	2771	61.4F	8.8
6.15	2794	61.4F	8.8
6.20	2816	61.4F	8.8
6.25	2838	61.4F	8.8
6.30	2861	61.4F	8.8
6.35	2882	61.4F	8.8
6.40	2898	61.4F	8.8
6.45	2912	61.4F	8.8
6.50	2930	61.4F	8.8
6.55	2954	61.4F	8.8
6.60	2975	61.4F	8.8
6.65	2999	61.4F	8.8
6.70	3022	61.4F	8.8
6.75	3044	61.4F	8.8
6.80	3055	61.4F	8.8
6.85	3076	61.4F	8.8
6.90	3097	61.4F	8.8
6.95	3118	61.4F	8.8
7.00	3139	61.4F	8.8
7.05	3158	61.4F	8.8
7.10	3179	61.4F	8.8
7.15	3196	61.4F	8.8
7.20	3214	61.4F	8.8
7.25	3231	61.4F	8.8
7.30	3247	61.4F	8.8
7.35	3265	61.4F	8.8
7.40	3283	61.4F	8.8
7.45	3302	61.4F	8.8
7.50	3320	61.4F	8.8
7.55	3338	61.4F	8.8
7.60	3353	61.4F	8.8
7.65	3371	61.4F	8.8
7.70	3389	61.4F	8.8
7.75	3407	61.4F	8.8
7.80	3425	61.4F	8.8
7.85	3442	61.4F	8.8
7.90	3459	61.4F	8.8
7.95	3475	61.4F	8.8
8.00	3491	61.4F	8.8
8.05	3507	61.4F	8.8
8.10	3523	61.4F	8.8
8.15	3538	61.4F	8.8
8.20	3554	61.4F	8.8
8.25	3570	61.4F	8.8
8.30	3585	61.4F	8.8
8.35	3600	61.4F	8.8
8.40	3615	61.4F	8.8
8.45	3631	61.4F	8.8
8.50	3646	61.4F	8.8
8.55	3660	61.4F	8.8
8.60	3674	61.4F	8.8
8.65	3689	61.4F	8.8
8.70	3704	61.4F	8.8
8.75	3719	61.4F	8.8
8.80	3734	61.4F	8.8
8.85	3749	61.4F	8.8
8.90	3763	61.4F	8.8
8.95	3776	61.4F	8.8
9.00	3791	61.4F	8.8
9.05	3804	61.4F	8.8
9.10	3818	61.4F	8.8
9.15	3832	61.4F	8.8
9.20	3845	61.4F	8.8
9.25	3859	61.4F	8.8
9.30	3872	61.4F	8.8
9.35	3884	61.4F	8.8
9.40	3897	61.4F	8.8
9.45	3909	61.4F	8.8
9.50	3925	61.4F	8.8
9.55	3936	61.4F	8.8
9.60	3949	61.4F	8.8
9.65	3962	61.4F	8.8
9.70	3975	61.4F	8.8
9.75	3987	61.4F	8.8
9.80	3999	61.4F	8.8
9.85	4011	61.4F	8.8
9.90	4023	61.4F	8.8
9.95	4034	61.4F	8.8
10.00	4046	61.4F	8.8
10.05	4057	61.4F	8.8
10.10	4071	61.4F	8.8
10.15	4082	61.4F	8.8
10.20	4094	61.4F	8.8
10.25	4105	61.4F	8.8
10.30	4117	61.4F	8.8
10.35	4127	61.4F	8.8
10.40	4138	61.4F	8.8
10.45	4150	61.4F	8.8
10.50	4159	61.4F	8.8
10.55	4171	61.4F	8.8
10.60	4182	61.4F	8.8
10.65	4193	61.4F	8.8
10.70	4202	61.4F	8.8
10.75	4213	61.4F	8.8
10.80	4224	61.4F	8.8
10.85	4234	61.4F	8.8
10.90	4243	61.4F	8.8
10.95	4253	61.4F	8.8
11.00	4263	61.4F	8.8
11.05	4274	61.4F	8.8
11.10	4284	61.4F	8.8
11.15	4293	61.4F	8.8
11.20	4303	61.4F	8.8
11.25	4311	61.4F	8.8
11.30	4322	61.4F	8.8
11.35	4332	61.4F	8.8
11.40	4339	61.4F	8.8
11.45	4348	61.4F	8.8
11.50	4358	61.4F	8.8
11.55	4365	61.4F	8.8
11.60	4375	61.4F	8.8
11.65	4384	61.4F	8.8
11.70	4392	61.4F	8.8
11.75	4400	61.4F	8.8
11.80	4409	61.4F	8.8
11.85	4419	61.4F	8.8
11.90	4426	61.4F	8.8
11.95	4435	61.4F	8.8
12.00	4444	61.4F	8.8
12.05	4451	61.4F	8.8
12.10	4458	61.4F	8.8
12.15	4468	61.4F	8.8
12.20	4474	61.4F	8.8
12.25	4481	61.4F	8.8
12.30	4488	61.4F	8.8
12.35	4497	61.4F	8.8
12.40	4504	61.4F	8.8
12.45	4513	61.4F	8.8
12.50	4520	61.4F	8.8
12.55	4527	61.4F	8.8
12.60	4534	61.4F	8.8
12.65	4540	61.4F	8.8
12.70	4547	61.4F	8.8
12.75	4554	61.4F	8.8
12.80	4561	61.4F	8.8
12.85	4567	61.4F	8.8
12.90	4572	61.4F	8.8
12.95	4580	61.4F	8.8
13.00	4586	61.4F	8.8
13.05	4592	61.4F	8.8
13.10	4600	61.4F	8.8
13.15	4605	61.4F	8.8
13.20	4611	61.4F	8.8
13.25	4617	61.4F	8.8
13.30	4624	61.4F	8.8
13.35	4630	61.4F	8.8
13.40	4635	61.4F	8.8
13.45	4641	61.4F	8.8
13.50	4646	61.4F	8.8
13.55	4651	61.4F	8.8
13.60	4658	61.4F	8.8
13.65	4662	61.4F	8.8
13.70	4667	61.4F	8.8
13.75	4673	61.4F	8.8
13.80	4676	61.4F	8.8
13.85	4682	61.4F	8.8
13.90	4687	61.4F	8.8
13.95	4692	61.4F	8.8
14.00	4698	61.4F	8.8
14.05	4702	61.4F	8.8
14.10	4706	61.4F	8.8
14.15	4711	61.4F	8.8
14.20	4715	61.4F	8.8
14.25	4718	61.4F	8.8
14.30	4722	61.4F	8.8
14.35	4726	61.4F	8.8
14.40	4731	61.4F	8.8
14.45	4734	61.4F	8.8
14.50	4739	61.4F	8.8
14.55	4743	61.4F	8.8
14.60	4747	61.4F	8.8
14.65	4750	61.4F	8.8
14.70	4754	61.4F	8.8
14.75	4756	61.4F	8.8
14.80	4760	61.4F	8.8
14.85	4764	61.4F	8.8
14.90	4766	61.4F	8.8
14.95	4771	61.4F	8.8
15.00	4773	61.4F	8.8
15.05	4776	61.4F	8.8
15.10	4779	61.4F	8.8
15.15	4781	61.4F	8.8
15.20	4786	61.4F	8.8
15.25	4789	61.4F	8.8
15.30	4790	61.4F	8.8
15.35	4794	61.4F	8.8
15.40	4796	61.4F	8.8
15.45	4797	61.4F	8.8
15.50	4800	61.4F	8.8
15.55	4802	61.4F	8.8
15.60	4805	61.4F	8.8
15.65	4807	61.4F	8.8
15.70	4809	61.4F	8.8
15.75	4811	61.4F	8.8
15.80	4813	61.4F	8.8
15.85	4814	61.4F	8.8
15.90	4818	61.4F	8.8
15.95	4819	61.4F	8.8
16.00	4820	61.4F	8.8
16.05	4821	61.4F	8.8
16.10	4823	61.4F	8.8
16.15	4824	61.4F	8.8
16.20	4825	61.4F	8.8
16.25	4825	61.4F	8.8
16.30	4828	61.4F	8.8
16.35	4829	61.4F	8.8
16.40	4829	61.4F	8.8
16.45	4830	61.4F	8.8
16.50	4831	61.4F	8.8
16.55	4831	61.4F	8.8
16.60	4832	61.4F	8.8
16.65	4833	61.4F	8.8
16.70	4834	61.4F	8.8
16.75	4834	61.4F	8.8
16.80	4834	61.4F	8.6
16.85	4092	61.4F	8.3
16.90	4614	61.2F	8.4
16.95	5031	61.2F	8.5
17.00	5030	61.2F	8.5
17.05	5030	61.2F	8.5
17.10	5029	61.2F	8.6
17.15	5031	61.2F	8.6
17.20	5029	61.3F	8.7
17.25	5027	61.3F	8.7
17.30	5025	61.3F	8.7
17.35	5031	61.3F	8.7
17.40	5030	61.3F	8.7
17.45	5026	61.3F	8.8
17.50	5022	61.3F	8.8
17.55	5019	61.3F	8.8
17.60	5020	61.3F	8.8
17.65	5021	61.3F	8.8
17.70	5021	61.3F	8.8
17.75	5020	61.3F	8.8
17.80	5020	61.3F	8.8
17.85	5022	61.4F	8.8
17.90	5021	61.4F	8.8
17.95	5019	61.4F	8.8
18.00	5017	61.4F	8.8
18.05	5018	61.4F	8.8
18.10	5011	61.4F	8.8
18.15	5000	61.4F	8.8
18.20	4983	61.4F	8.8
18.25	4961	61.5F	8.8
18.30	4936	61.5F	8.8
18.35	4907	61.6F	8.8
18.40	4879	61.6F	8.8
18.45	4860	61.6F	8.8
18.50	4848	61.6F	8.8
18.55	4840	61.6F	8.8
18.60	4839	61.6F	8.8
18.65	4836	61.6F	8.8
18.70	4837	61.6F	8.8
18.75	4836	61.6F	8.8
18.80	4836	61.6F	8.8
18.85	4834	61.6F	8.8
18.90	4835	61.6F	8.8
18.95	4838	61.6F	8.8
19.00	4840	61.6F	8.8
19.05	4846	61.6F	8.8
19.10	4850	61.6F	8.8
19.15	4858	61.6F	8.8
19.20	4867	61.6F	8.8
19.25	4878	61.5F	8.8
19.30	4892	61.5F	8.8
19.35	4905	61.5F	8.8
19.40	4913	61.5F	8.8
19.45	4921	61.5F	8.8
19.50	4928	61.5F	8.8
19.55	4928	61.5F	8.8
19.60	4922	61.5F	8.8
19.65	4909	61.5F	8.8
19.70	4888	61.5F	8.8
19.75	4864	61.6F	8.8
19.80	4839	61.6F	8.8
19.85	4818	61.6F	8.8
19.90	4798	61.7F	8.8
19.95	4785	61.7F	8.8
20.00	4774	61.7F	8.8
20.05	4767	61.7F	8.8
20.10	4762	61.7F	8.8
20.15	4755	61.7F	8.8
20.20	4750	61.7F	8.8
20.25	4746	61.7F	8.8
20.30	4742	61.7F	8.8
20.35	4741	61.7F	8.8
20.40	4738	61.7F	8.8
20.45	4735	61.7F	8.8
20.50	4732	61.7F	8.8
20.55	4731	61.7F	8.8
20.60	4727	61.7F	8.8
20.65	4724	61.7F	8.8
20.70	4720	61.7F	8.8
20.75	4717	61.7F	8.8
20.80	4717	61.7F	8.8
20.85	4717	61.7F	8.8
20.90	4715	61.7F	8.8
20.95	4716	61.7F	8.8
21.00	4716	61.7F	8.8
21.05	4715	61.7F	8.8
21.10	4711	61.7F	8.8
21.15	4706	61.7F	8.8
21.20	4701	61.7F	8.8
21.25	4696	61.7F	8.8
21.30	4690	61.7F	8.8
21.35	4688	61.7F	8.8
21.40	4685	61.7F	8.8
21.45	4685	61.7F	8.8
21.50	4681	61.7F	8.8
21.55	4681	61.7F	8.8
21.60	4676	61.7F	8.8
21.65	4671	61.7F	8.8
21.70	4666	61.7F	8.8
21.75	4660	61.8F	8.8
21.80	4654	61.8F	8.8
21.85	4649	61.8F	8.8
21.90	4645	61.8F	8.8
21.95	4640	61.8F	8.8
22.00	4633	61.8F	8.8
22.05	4628	61.8F	8.8
22.10	4620	61.8F	8.8
22.15	4618	61.8F	8.8
22.20	4620	61.8F	8.8
22.25	4619	61.8F	8.8
22.30	4620	61.8F	8.8
22.35	4616	61.8F	8.8
22.40	4608	61.8F	8.8
22.45	4594	61.8F	8.8
22.50	4589	61.8F	8.8
22.55	4582	61.8F	8.8
22.60	4578	61.8F	8.8
22.65	4576	61.8F	8.8
22.70	4575	61.8F	8.8
22.75	4573	61.8F	8.8
22.80	4570	61.8F	8.8
22.85	4568	61.8F	8.8
22.90	4570	61.8F	8.8
22.95	4575	61.8F	8.8
23.00	4586	61.8F	8.8
23.05	4601	61.7F	8.8
23.10	4615	61.7F	8.8
23.15	4632	61.7F	8.8
23.20	4643	61.7F	8.8
23.25	4650	61.7F	8.8
23.30	4653	61.6F	8.8
23.35	4653	61.7F	8.8
23.40	4646	61.7F	8.8
23.45	4633	61.7F	8.8
23.50	4616	61.7F	8.8
23.55	4596	61.7F	8.8
23.60	4572	61.7F	8.8
23.65	4547	61.8F	8.8
23.70	4529	61.8F	8.8
23.75	4514	61.8F	8.8
23.80	4506	61.8F	8.8
23.85	4497	61.8F	8.8
23.90	4489	61.8F	8.8
23.95	4484	61.8F	8.8
24.00	4479	61.8F	8.8
24.05	4478	61.8F	8.8
24.10	4480	61.8F	8.8
24.15	4479	61.9F	8.8
24.20	4474	61.8F	8.8
24.25	4469	61.8F	8.8
24.30	4476	61.8F	8.8
24.35	4489	61.8F	8.8
24.40	4511	61.8F	8.8
24.45	4533	61.8F	8.8
24.50	4551	61.7F	8.8
24.55	4559	61.7F	8.8
24.60	4557	61.7F	8.8
24.65	4554	61.7F	8.8
24.70	4543	61.7F	8.8
24.75	4526	61.8F	8.8
24.80	4510	61.8F	8.8
24.85	4491	61.8F	8.8
24.90	4474	61.8F	8.8
24.95	4456	61.8F	8.8
25.00	4441	61.8F	8.8
25.05	4428	61.9F	8.8
25.10	4418	61.9F	8.8
25.15	4405	61.9F	8.8
25.20	4396	61.9F	8.8
25.25	4388	61.9F	8.8
25.30	4382	61.9F	8.8
25.35	4379	61.9F	8.8
25.40	4373	61.9F	8.8
25.45	4368	61.9F	8.8
25.50	4363	62.0F	8.8
25.55	4362	61.9F	8.8
25.60	4359	62.0F	8.8
25.65	4367	61.9F	8.8
25.70	4386	61.9F	8.8
25.75	4408	61.8F	8.8
25.80	4432	61.8F	8.8
25.85	4450	61.8F	8.8
25.90	4456	61.8F	8.8
25.95	4453	61.8F	8.8
26.00	4439	61.8F	8.8
26.05	4420	61.8F	8.8
26.10	4398	61.8F	8.8
26.15	4378	61.9F	8.8
26.20	4358	61.9F	8.8
26.25	4340	61.9F	8.8
26.30	4329	61.9F	8.8
26.35	4317	62.0F	8.8
26.40	4306	62.0F	8.8
26.45	4300	62.0F	8.8
26.50	4293	62.0F	8.8
26.55	4288	62.0F	8.8
26.60	4283	62.0F	8.8
26.65	4279	62.0F	8.8
26.70	4273	62.0F	8.8
26.75	4271	62.0F	8.8
26.80	4275	62.0F	8.8
26.85	4292	62.0F	8.8
26.90	4316	61.9F	8.8
26.95	4343	61.9F	8.8
27.00	4366	61.8F	8.8
27.05	4381	61.8F	8.8
27.10	4375	61.8F	8.8
27.15	4357	61.9F	8.8
27.20	4331	61.9F	8.8
27.25	4297	61.9F	8.8
27.30	4263	62.0F	8.8
27.35	4237	62.0F	8.8
27.40	4222	62.0F	8.8
27.45	4221	62.0F	8.8
27.50	4229	62.0F	8.8
27.55	4231	62.0F	8.8
27.60	4228	62.0F	8.8
27.65	4222	62.0F	8.8
27.70	4227	62.0F	8.8
27.75	4244	62.0F	8.8
27.80	4267	62.0F	8.8
27.85	4285	61.9F	8.8
27.90	4296	61.9F	8.8
27.95	4298	61.9F	8.8
28.00	4294	61.9F	8.8
28.05	4279	61.9F	8.8
28.10	4260	61.9F	8.8
28.15	4235	62.0F	8.8
28.20	4209	62.0F	8.8
28.25	4186	62.0F	8.8
28.30	4171	62.0F	8.8
28.35	4159	62.0F	8.8
28.40	4150	62.1F	8.8
28.45	4144	62.1F	8.8
28.50	4142	62.1F	8.8
28.55	4145	62.1F	8.8
28.60	4141	62.1F	8.8
28.65	4135	62.1F	8.8
28.70	4129	62.1F	8.8
28.75	4125	62.1F	8.8
28.80	4122	62.1F	8.8
28.85	4125	62.1F	8.8
28.90	4132	62.1F	8.8
28.95	4141	62.0F	8.8
29.00	4154	62.0F	8.8
29.05	4168	62.0F	8.8
29.10	4181	62.0F	8.8
29.15	4191	62.0F	8.8
29.20	4200	62.0F	8.8
29.25	4200	62.0F	8.8
29.30	4190	62.0F	8.8
29.35	4171	62.0F	8.8
29.40	4145	62.0F	8.8
29.45	4119	62.0F	8.8
29.50	4098	62.1F	8.8
29.55	4086	62.1F	8.8
29.60	4074	62.1F	8.8
29.65	4063	62.1F	8.8
29.70	4051	62.1F	8.8
29.75	4042	62.1F	8.8
29.80	4037	62.2F	8.8
29.85	4034	62.2F	8.8
29.90	4029	62.2F	8.8
29.95	4026	62.2F	8.8
30.00	4031	62.2F	8.8
30.05	4045	62.1F	8.8
30.10	4068	62.1F	8.8
30.15	4097	62.1F	8.8
30.20	4122	62.0F	8.8
30.25	4134	62.0F	8.8
30.30	4135	62.0F	8.8
30.35	4124	62.0F	8.8
30.40	4106	62.0F	8.8
30.45	4084	62.0F	8.8
30.50	4060	62.1F	8.8
30.55	4041	62.1F	8.8
30.60	4025	62.1F	8.8
30.65	4011	62.2F	8.8
30.70	3999	62.2F	8.8
30.75	3984	62.2F	8.8
30.80	3972	62.2F	8.8
30.85	3963	62.2F	8.8
30.90	3956	62.2F	8.8
30.95	3952	62.2F	8.8
31.00	3947	62.2F	8.8
31.05	3944	62.2F	8.8
31.10	3940	62.2F	8.8
31.15	3936	62.2F	8.8
31.20	3933	62.2F	8.8
31.25	3931	62.2F	8.8
31.30	3933	62.2F	8.8
31.35	3938	62.2F	8.8
31.40	3945	62.2F	8.8
31.45	3956	62.2F	8.8
31.50	3967	62.2F	8.8
31.55	3978	62.1F	8.8
31.60	3989	62.1F	8.8
31.65	4001	62.1F	8.8
31.70	4008	62.1F	8.8
31.75	4014	62.1F	8.8
31.80	4019	62.1F	8.8
31.85	4017	62.1F	8.8
31.90	4013	62.1F	8.8
31.95	4004	62.1F	8.8
32.00	3992	62.1F	8.8
32.05	3974	62.1F	8.8
32.10	3955	62.2F	8.8
32.15	3938	62.2F	8.8
32.20	3915	62.2F	8.8
32.25	3894	62.2F	8.8
32.30	3874	62.3F	8.8
32.35	3862	62.3F	8.8
32.40	3849	62.3F	8.8
32.45	3839	62.3F	8.8
32.50	3830	62.3F	8.8
32.55	3826	62.3F	8.8
32.60	3820	62.3F	8.8
32.65	3816	62.3F	8.8
32.70	3813	62.3F	8.8
32.75	3808	62.3F	8.8
32.80	3805	62.3F	8.8
32.85	3802	62.3F	8.8
32.90	3801	62.3F	8.8
32.95	3798	62.3F	8.8
33.00	3798	62.3F	8.8
33.05	3800	62.3F	8.8
33.10	3806	62.3F	8.8
33.15	3817	62.3F	8.8
33.20	3829	62.3F	8.8
33.25	3843	62.2F	8.8
33.30	3854	62.2F	8.8
33.35	3866	62.2F	8.8
33.40	3874	62.2F	8.8
33.45	3879	62.2F	8.8
33.50	3881	62.2F	8.8
33.55	3883	62.1F	8.8
33.60	3882	62.1F	8.8
33.65	3876	62.2F	8.8
33.70	3867	62.2F	8.8
33.75	3853	62.2F	8.8
33.80	3838	62.2F	8.8
33.85	3819	62.2F	8.8
33.90	3801	62.3F	8.8
33.95	3784	62.3F	8.8
34.00	3764	62.3F	8.8
34.05	3749	62.3F	8.8
34.10	3736	62.3F	8.8
34.15	3724	62.4F	8.8
34.20	3716	62.4F	8.8
34.25	3708	62.4F	8.8
34.30	3701	62.4F	8.8
34.35	3693	62.4F	8.8
34.40	3686	62.4F	8.8
34.45	3679	62.4F	8.8
34.50	3673	62.4F	8.8
34.55	3669	62.4F	8.8
34.60	3664	62.4F	8.8
34.65	3658	62.4F	8.8
34.70	3653	62.4F	8.8
34.75	3649	62.4F	8.8
34.80	3644	62.4F	8.8
34.85	3639	62.4F	8.8
34.90	3637	62.4F	8.8
34.95	3635	62.5F	8.8
35.00	3632	62.4F	8.8
35.05	3628	62.5F	8.8
35.10	3622	62.4F	8.8
35.15	3618	62.4F	8.8
35.20	3613	62.4F	8.8
35.25	3609	62.5F	8.8
35.30	3606	62.4F	8.8
35.35	3603	62.4F	8.8
35.40	3600	62.4F	8.8
35.45	3598	62.4F	8.8
35.50	3594	62.5F	8.8
35.55	3591	62.5F	8.8
35.60	3589	62.4F	8.8
35.65	3585	62.4F	8.8
35.70	3581	62.5F	8.8
35.75	3579	62.5F	8.8
35.80	3576	62.5F	8.8
35.85	3576	62.4F	8.8
35.90	3574	62.4F	8.8
35.95	3572	62.5F	8.8
36.00	3571	62.4F	8.8
36.05	3569	62.4F	8.8
36.10	3565	62.4F	8.8
36.15	3564	62.4F	8.8
36.20	3560	62.4F	8.8
36.25	3554	62.5F	8.8
36.30	3548	62.5F	8.8
36.35	3544	62.5F	8.8
36.40	3536	62.5F	8.8
36.45	3530	62.5F	8.8
36.50	3523	62.5F	8.8
36.55	3517	62.5F	8.8
36.60	3511	62.5F	8.8
36.65	3508	62.5F	8.8
36.70	3505	62.5F	8.8
36.75	3504	62.5F	8.8
36.80	3498	62.5F	8.8
36.85	3495	62.5F	8.8
36.90	3489	62.5F	8.8
36.95	3483	62.5F	8.8
37.00	3477	62.5F	8.8
37.05	3475	62.5F	8.8
37.10	3471	62.5F	8.8
37.15	3469	62.5F	8.8
37.20	3469	62.5F	8.8
37.25	3465	62.5F	8.8
37.30	3460	62.5F	8.8
37.35	3456	62.5F	8.8
37.40	3454	62.5F	8.8
37.45	3453	62.5F	8.8
37.50	3457	62.5F	8.8
37.55	3463	62.5F	8.8
37.60	3467	62.5F	8.8
37.65	3473	62.5F	8.8
37.70	3488	62.4F	8.8
37.75	3510	62.4F	8.8
37.80	3531	62.4F	8.8
37.85	3543	62.3F	8.8
37.90	3553	62.3F	8.8
37.95	3553	62.3F	8.8
38.00	3542	62.3F	8.8
38.05	3530	62.4F	8.8
38.10	3512	62.4F	8.8
38.15	3487	62.4F	8.8
38.20	3462	62.4F	8.8
38.25	3441	62.5F	8.8
38.30	3419	62.5F	8.8
38.35	3403	62.5F	8.8
38.40	3389	62.5F	8.8
38.45	3380	62.5F	8.8
38.50	3373	62.5F	8.8
38.55	3366	62.6F	8.8
38.60	3361	62.6F	8.8
38.65	3356	62.6F	8.8
38.70	3351	62.6F	8.8
38.75	3348	62.6F	8.8
38.80	3344	62.5F	8.8
38.85	3341	62.6F	8.8
38.90	3338	62.6F	8.8
38.95	3335	62.6F	8.8
39.00	3333	62.6F	8.8
39.05	3332	62.6F	8.8
39.10	3333	62.6F	8.8
39.15	3334	62.5F	8.8
39.20	3337	62.6F	8.8
39.25	3339	62.6F	8.8
39.30	3337	62.6F	8.8
39.35	3336	62.5F	8.8
39.40	3332	62.5F	8.8
39.45	3326	62.5F	8.8
39.50	3318	62.5F	8.8
39.55	3311	62.6F	8.8
39.60	3305	62.6F	8.8
39.65	3302	62.6F	8.8
39.70	3295	62.6F	8.8
39.75	3291	62.6F	8.8
39.80	3284	62.6F	8.8
39.85	3278	62.6F	8.8
39.90	3273	62.6F	8.8
39.95	3270	62.6F	8.8
40.00	3262	62.6F	8.8
40.05	3255	62.6F	8.8
40.10	3247	62.6F	8.8
40.15	3240	62.6F	8.8
40.20	3237	62.6F	8.8
40.25	3233	62.6F	8.8
40.30	3228	62.6F	8.8
40.35	3221	62.6F	8.8
40.40	3214	62.6F	8.8
40.45	3210	62.6F	8.8
40.50	3206	62.6F	8.8
40.55	3200	62.6F	8.8
40.60	3196	62.6F	8.8
40.65	3189	62.6F	8.8
40.70	3186	62.6F	8.8
40.75	3181	62.6F	8.8
40.80	3178	62.6F	8.8
40.85	3173	62.6F	8.8
40.90	3171	62.6F	8.8
40.95	3166	62.7F	8.8
41.00	3163	62.7F	8.8
41.05	3161	62.7F	8.8
41.10	3158	62.7F	8.8
41.15	3154	62.7F	8.8
41.20	3151	62.7F	8.8
41.25	3148	62.7F	8.8
41.30	3148	62.7F	8.8
41.35	3147	62.7F	8.8
41.40	3140	62.7F	8.8
41.45	3129	62.7F	8.8
41.50	3119	62.7F	8.8
41.55	3119	62.7F	8.8
41.60	3118	62.7F	8.8
41.65	3117	62.7F	8.8
41.70	3113	62.7F	8.8
41.75	3107	62.7F	8.8
41.80	3101	62.7F	8.8
41.85	3095	62.7F	8.8
41.90	3090	62.7F	8.8
41.95	3086	62.7F	8.8
42.00	3085	62.7F	8.8
42.05	3081	62.7F	8.8
42.10	3080	62.7F	8.8
42.15	3075	62.7F	8.8
42.20	3070	62.7F	8.8
42.25	3063	62.7F	8.8
42.30	3058	62.7F	8.8
42.35	3054	62.7F	8.8
42.40	3049	62.7F	8.8
42.45	3044	62.7F	8.8
42.50	3040	62.7F	8.8
42.55	3034	62.7F	8.8
42.60	3030	62.7F	8.8
42.65	3026	62.7F	8.8
42.70	3021	62.7F	8.8
42.75	3019	62.7F	8.8
42.80	3014	62.7F	8.8
42.85	3011	62.7F	8.8
42.90	3006	62.7F	8.8
42.95	3004	62.7F	8.8
43.00	2997	62.7F	8.8
43.05	2994	62.7F	8.8
43.10	2994	62.7F	8.8
43.15	2992	62.7F	8.8
43.20	2991	62.7F	8.8
43.25	2990	62.7F	8.8
43.30	2989	62.7F	8.8
43.35	2983	62.7F	8.8
43.40	2975	62.7F	8.8
43.45	2970	62.7F	8.8
43.50	2961	62.7F	8.8
43.55	2955	62.7F	8.8
43.60	2949	62.7F	8.8
43.65	2945	62.7F	8.8
43.70	2939	62.7F	8.8
43.75	2934	62.7F	8.8
43.80	2928	62.7F	8.8
43.85	2925	62.7F	8.8
43.90	2923	62.7F	8.8
43.95	2920	62.7F	8.8
44.00	2916	62.7F	8.8
44.05	2912	62.7F	8.8
44.10	2908	62.7F	8.8
44.15	2906	62.7F	8.8
44.20	2901	62.7F	8.8
44.25	2900	62.7F	8.8
44.30	2896	62.7F	8.8
44.35	2895	62.7F	8.8
44.40	2891	62.7F	8.8
44.45	2888	62.7F	8.8
44.50	2883	62.7F	8.8
44.55	2877	62.7F	8.8
44.60	2872	62.7F	8.8
44.65	2867	62.7F	8.8
44.70	2863	62.7F	8.8
44.75	2858	62.7F	8.8
44.80	2853	62.7F	8.8
44.85	2849	62.7F	8.8
44.90	2843	62.7F	8.8
44.95	2839	62.7F	8.8
45.00	2836	62.7F	8.8
45.05	2833	62.7F	8.8
45.10	2828	62.7F	8.8
45.15	2824	62.7F	8.8
45.20	2820	62.7F	8.8
45.25	2817	62.7F	8.8
45.30	2812	62.7F	8.8
45.35	2810	62.7F	8.8
45.40	2806	62.7F	8.8
45.45	2802	62.7F	8.8
45.50	2797	62.7F	8.8
45.55	2792	62.7F	8.8
45.60	2788	62.7F	8.8
45.65	2784	62.7F	8.8
45.70	2782	62.7F	8.8
45.75	2779	62.7F	8.8
45.80	2777	62.7F	8.8
45.85	2772	62.7F	8.8
45.90	2768	62.7F	8.8
45.95	2763	62.7F	8.8
46.00	2759	62.7F	8.8
46.05	2754	62.7F	8.8
46.10	2749	62.7F	8.8
46.15	2745	62.7F	8.8
46.20	2742	62.7F	8.8
46.25	2737	62.7F	8.8
46.30	2734	62.7F	8.8
46.35	2732	62.7F	8.8
46.40	2727	62.7F	8.8
46.45	2724	62.7F	8.8
46.50	2720	62.7F	8.8
46.55	2715	62.7F	8.8
46.60	2711	62.7F	8.8
46.65	2708	62.7F	8.8
46.70	2703	62.7F	8.8
46.75	2700	62.7F	8.8
46.80	2697	62.7F	8.8
46.85	2693	62.7F	8.8
46.90	2691	62.7F	8.8
46.95	2689	62.7F	8.8
47.00	2684	62.7F	8.8
47.05	2683	62.7F	8.8
47.10	2683	62.7F	8.8
47.15	2681	62.7F	8.8
47.20	2673	62.7F	8.8
47.25	2668	62.7F	8.8
47.30	2665	62.7F	8.8
47.35	2655	62.7F	8.8
47.40	2650	62.7F	8.8
47.45	2646	62.7F	8.8
47.50	2641	62.7F	8.8
47.55	2637	62.7F	8.8
47.60	2637	62.7F	8.8
47.65	2631	62.7F	8.8
47.70	2627	62.7F	8.8
47.75	2622	62.7F	8.8
47.80	2618	62.7F	8.8
47.85	2613	62.7F	8.8
47.90	2612	62.7F	8.8
47.95	2610	62.7F	8.8
48.00	2609	62.7F	8.8
48.05	2606	62.7F	8.8
48.10	2600	62.7F	8.8
48.15	2594	62.7F	8.8
48.20	2589	62.7F	8.8
48.25	2583	62.7F	8.8
48.30	2578	62.7F	8.8
48.35	2574	62.7F	8.8
48.40	2571	62.7F	8.8
48.45	2566	62.7F	8.8
48.50	2562	62.7F	8.8
48.55	2559	62.7F	8.8
48.60	2556	62.7F	8.8
48.65	2552	62.7F	8.8
48.70	2547	62.7F	8.8
48.75	2544	62.7F	8.8
48.80	2539	62.7F	8.8
48.85	2539	62.7F	8.8
48.90	2533	62.7F	8.8
48.95	2528	62.7F	8.8
49.00	2524	62.7F	8.8
49.05	2519	62.7F	8.8
49.10	2517	62.7F	8.8
49.15	2513	62.7F	8.8
49.20	2508	62.7F	8.8
49.25	2503	62.7F	8.8
49.30	2499	62.7F	8.8
49.35	2499	62.7F	8.8
49.40	2496	62.7F	8.8
49.45	2495	62.7F	8.8
49.50	2490	62.7F	8.8
49.55	2486	62.7F	8.8
49.60	2481	62.7F	8.8
49.65	2477	62.7F	8.8
49.70	2472	62.7F	8.8
49.75	2467	62.7F	8.8
49.80	2459	62.7F	8.8
49.85	2456	62.7F	8.8
49.90	2452	62.7F	8.8
49.95	2448	62.7F	8.8
50.00	2445	62.7F	8.8
50.05	2442	62.7F	8.8
50.10	2437	62.7F	8.8
50.15	2433	62.7F	8.8
50.20	2432	62.7F	8.8
50.25	2431	62.7F	8.8
50.30	2429	62.7F	8.8
50.35	2424	62.7F	8.8
50.40	2420	62.7F	8.8
50.45	2416	62.7F	8.8
50.50	2410	62.7F	8.8
50.55	2407	62.7F	8.8
50.60	2403	62.7F	8.8
50.65	2398	62.7F	8.8
50.70	2394	62.7F	8.8
50.75	2389	62.7F	8.8
50.80	2384	62.7F	8.8
50.85	2379	62.7F	8.8
50.90	2374	62.7F	8.8
50.95	2371	62.7F	8.8
51.00	2366	62.7F	8.8
51.05	2364	62.7F	8.8
51.10	2362	62.7F	8.8
51.15	2361	62.7F	8.8
51.20	2358	62.7F	8.8
51.25	2355	62.7F	8.8
51.30	2350	62.7F	8.8
51.35	2345	62.7F	8.8
51.40	2339	62.7F	8.8
51.45	2332	62.7F	8.8
51.50	2328	62.7F	8.8
51.55	2325	62.7F	8.8
51.60	2320	62.7F	8.8
51.65	2317	62.7F	8.8
51.70	2313	62.7F	8.8
51.75	2308	62.7F	8.8
51.80	2302	62.7F	8.8
51.85	2301	62.7F	8.8
51.90	2296	62.7F	8.8
51.95	2293	62.7F	8.8
52.00	2288	62.7F	8.8
52.05	2285	62.7F	8.8
52.10	2281	62.7F	8.8
52.15	2278	62.7F	8.8
52.20	2273	62.7F	8.8
52.25	2270	62.7F	8.8
52.30	2265	62.7F	8.8
52.35	2261	62.7F	8.8
52.40	2256	62.7F	8.8
52.45	2253	62.7F	8.8
52.50	2248	62.7F	8.8
52.55	2245	62.7F	8.8
52.60	2241	62.7F	8.8
52.65	2238	62.7F	8.8
52.70	2234	62.7F	8.8
52.75	2232	62.7F	8.8
52.80	2229	62.7F	8.8
52.85	2222	62.7F	8.8
52.90	2220	62.7F	8.8
52.95	2216	62.7F	8.8
53.00	2213	62.7F	8.8
53.05	2210	62.7F	8.8
53.10	2208	62.7F	8.8
53.15	2203	62.7F	8.8
53.20	2196	62.7F	8.8
53.25	2193	62.7F	8.8
53.30	2190	62.7F	8.8
53.35	2187	62.7F	8.8
53.40	2183	62.7F	8.8
53.45	2179	62.7F	8.8
53.50	2176	62.7F	8.8
53.55	2172	62.7F	8.8
53.60	2168	62.7F	8.8
53.65	2167	62.7F	8.8
53.70	2166	62.7F	8.8
53.75	2165	62.7F	8.8
53.80	2161	62.7F	8.8
53.85	2151	62.7F	8.8
53.90	2144	62.7F	8.8
53.95	2138	62.7F	8.8
54.00	2134	62.7F	8.8
54.05	2131	62.7F	8.8
54.10	2127	62.7F	8.8
54.15	2124	62.7F	8.8
54.20	2123	62.7F	8.8
54.25	2119	62.7F	8.8
54.30	2116	62.7F	8.8
54.35	2110	62.7F	8.8
54.40	2108	62.7F	8.8
54.45	2103	62.7F	8.8
54.50	2100	62.7F	8.8
54.55	2094	62.7F	8.8
54.60	2090	62.7F	8.8
54.65	2086	62.7F	8.8
54.70	2083	62.7F	8.8
54.75	2080	62.7F	8.8
54.80	2073	62.7F	8.8
54.85	2072	62.7F	8.8
54.90	2070	62.7F	8.8
54.95	2066	62.7F	8.8
55.00	2061	62.7F	8.8
55.05	2058	62.7F	8.8
55.10	2054	62.7F	8.8
55.15	2047	62.7F	8.8
55.20	2044	62.7F	8.8
55.25	2040	62.7F	8.8
55.30	2036	62.7F	8.8
55.35	2032	62.7F	8.8
55.40	2030	62.7F	8.8
55.45	2025	62.7F	8.8
55.50	2023	62.7F	8.8
55.55	2020	62.7F	8.8
55.60	2017	62.7F	8.8
55.65	2015	62.7F	8.8
55.70	2012	62.7F	8.8
55.75	2011	62.7F	8.8
55.80	2008	62.7F	8.8
55.85	2009	62.7F	8.8
55.90	2008	62.7F	8.8
55.95	2006	62.7F	8.8
56.00	2004	62.7F	8.8
56.05	2000	62.7F	8.8
56.10	1996	62.7F	8.8
56.15	1989	62.7F	8.8
56.20	1985	62.7F	8.8
56.25	1978	62.7F	8.8
56.30	1974	62.7F	8.8
56.35	1967	62.7F	8.8
56.40	1963	62.7F	8.8
56.45	1960	62.7F	8.8
56.50	1956	62.7F	8.8
56.55	1955	62.7F	8.8
56.60	1952	62.7F	8.8
56.65	1950	62.7F	8.8
56.70	1947	62.7F	8.8
56.75	1946	62.7F	8.8
56.80	1942	62.7F	8.8
56.85	1939	62.7F	8.8
56.90	1933	62.7F	8.8
56.95	1925	62.7F	8.8
57.00	1918	62.7F	8.8
57.05	1909	62.7F	8.8
57.10	1903	62.7F	8.8
57.15	1899	62.7F	8.8
57.20	1899	62.7F	8.8
57.25	1897	62.7F	8.8
57.30	1897	62.7F	8.8
57.35	1895	62.7F	8.8
57.40	1891	62.7F	8.8
57.45	1885	62.7F	8.8
57.50	1879	62.7F	8.8
57.55	1874	62.7F	8.8
57.60	1868	62.7F	8.8
57.65	1866	62.7F	8.8
57.70	1866	62.7F	8.8
57.75	1869	62.7F	8.8
57.80	1868	62.7F	8.8
57.85	1865	62.7F	8.8
57.90	1865	62.7F	8.8
57.95	1864	62.7F	8.8
58.00	1860	62.7F	8.8
58.05	1855	62.7F	8.8
58.10	1848	62.7F	8.8
58.15	1843	62.7F	8.8
58.20	1838	62.7F	8.8
58.25	1834	62.7F	8.8
58.30	1830	62.7F	8.8
58.35	1822	62.7F	8.8
58.40	1818	62.7F	8.8
58.45	1812	62.7F	8.8
58.50	1808	62.7F	8.8
58.55	1805	62.7F	8.8
58.60	1802	62.7F	8.8
58.65	1799	62.7F	8.8
58.70	1794	62.7F	8.8
58.75	1790	62.7F	8.8
58.80	1784	62.7F	8.8
58.85	1779	62.7F	8.8
58.90	1772	62.7F	8.8
58.95	1769	62.7F	8.8
59.00	1762	62.7F	8.8
59.05	1759	62.7F	8.8
59.10	1754	62.7F	8.8
59.15	1751	62.7F	8.8
59.20	1748	62.7F	8.8
59.25	1748	62.7F	8.8
59.30	1745	62.7F	8.8
59.35	1744	62.7F	8.8
59.40	1741	62.7F	8.8
59.45	1738	62.7F	8.8
59.50	1734	62.7F	8.8
59.55	1730	62.7F	8.8
59.60	1725	62.7F	8.8
59.65	1718	62.7F	8.8
59.70	1712	62.7F	8.8
59.75	1708	62.7F	8.8
59.80	1704	62.7F	8.8
59.85	1699	62.7F	8.8
59.90	1696	62.7F	8.8
59.95	1692	62.7F	8.8
60.00	1689	62.7F	8.8
60.05	1685	62.7F	8.8
60.10	1680	62.7F	8.8
60.15	1678	62.7F	8.8
60.20	1675	62.7F	8.8
60.25	1672	62.7F	8.8
60.30	1669	62.7F	8.8
60.35	1664	62.7F	8.8
60.40	1661	62.7F	8.8
60.45	1657	62.7F	8.8
60.50	1654	62.7F	8.8
60.55	1650	62.7F	8.8
60.60	1646	62.7F	8.8
60.65	1644	62.7F	8.8
60.70	1641	62.7F	8.8
60.75	1636	62.7F	8.8
60.80	1634	62.7F	8.8
60.85	1629	62.7F	8.8
60.90	1624	62.7F	8.8
60.95	1622	62.7F	8.8
61.00	1617	62.7F	8.8
61.05	1612	62.7F	8.8
61.10	1607	62.7F	8.8
61.15	1605	62.7F	8.8
61.20	1601	62.7F	8.8
61.25	1599	62.7F	8.8
61.30	1594	62.7F	8.8
61.35	1590	62.7F	8.8
61.40	1587	62.7F	8.8
61.45	1583	62.7F	8.8
61.50	1579	62.7F	8.8
61.55	1576	62.7F	8.8
61.60	1572	62.7F	8.8
61.65	1569	62.7F	8.8
61.70	1565	62.7F	8.8
61.75	1564	62.7F	8.8
61.80	1558	62.7F	8.8
61.85	1553	62.7F	8.8
61.90	1548	62.7F	8.8
61.95	1546	62.7F	8.8
62.00	1541	62.7F	8.8
62.05	1537	62.7F	8.8
62.10	1534	62.7F	8.8
62.15	1530	62.7F	8.8
62.20	1528	62.7F	8.8
62.25	1526	62.7F	8.8
62.30	1525	62.7F	8.8
62.35	1523	62.7F	8.8
62.40	1519	62.7F	8.8
62.45	1515	62.7F	8.8
62.50	1511	62.7F	8.8
62.55	1508	62.7F	8.8
62.60	1502	62.7F	8.8
62.65	1498	62.7F	8.8
62.70	1493	62.7F	8.8
62.75	1488	62.7F	8.8
62.80	1484	62.7F	8.8
62.85	1481	62.7F	8.8
62.90	1476	62.7F	8.8
62.95	1472	62.7F	8.8
63.00	1466	62.7F	8.8
63.05	1463	62.7F	8.8
63.10	1460	62.7F	8.8
63.15	1457	62.7F	8.8
63.20	1455	62.7F	8.8
63.25	1455	62.7F	8.8
63.30	1453	62.7F	8.8
63.35	1451	62.7F	8.8
63.40	1450	62.7F	8.8
63.45	1447	62.7F	8.8
63.50	1441	62.7F	8.8
63.55	1434	62.7F	8.8
63.60	1428	62.7F	8.8
63.65	1420	62.7F	8.8
63.70	1413	62.7F	8.8
63.75	1409	62.7F	8.8
63.80	1405	62.7F	8.8
63.85	1402	62.7F	8.8
63.90	1398	62.7F	8.8
63.95	1396	62.7F	8.8
64.00	1391	62.7F	8.8
64.05	1388	62.7F	8.8
64.10	1383	62.7F	8.8
64.15	1379	62.7F	8.8
64.20	1375	62.7F	8.8
64.25	1372	62.7F	8.8
64.30	1367	62.7F	8.8
64.35	1364	62.7F	8.8
64.40	1361	62.7F	8.8
64.45	1357	62.7F	8.8
64.50	1353	62.7F	8.8
64.55	1350	62.7F	8.8
64.60	1347	62.7F	8.8
64.65	1343	62.7F	8.8
64.70	1339	62.7F	8.8
64.75	1337	62.7F	8.8
64.80	1333	62.7F	8.8
64.85	1330	62.7F	8.8
64.90	1326	62.7F	8.8
64.95	1324	62.7F	8.8
65.00	1320	62.7F	8.8
65.05	1315	62.7F	8.8
65.10	1315	62.7F	8.8
65.15	1313	62.7F	8.8
65.20	1311	62.7F	8.8
65.25	1307	62.7F	8.8
65.30	1299	62.7F	8.8
65.35	1291	62.7F	8.8
65.40	1285	62.7F	8.8
65.45	1278	62.7F	8.8
65.50	1272	62.7F	8.8
65.55	1268	62.7F	8.8
65.60	1266	62.7F	8.8
65.65	1265	62.7F	8.8
65.70	1266	62.7F	8.8
65.75	1266	62.7F	8.8
65.80	1264	62.7F	8.8
65.85	1256	62.7F	8.8
65.90	1248	62.7F	8.8
65.95	1243	62.7F	8.8
66.00	1239	62.7F	8.8
66.05	1237	62.7F	8.8
66.10	1236	62.7F	8.8
66.15	1230	62.7F	8.8
66.20	1222	62.7F	8.8
66.25	1218	62.7F	8.8
66.30	1214	62.7F	8.8
66.35	1209	62.7F	8.8
66.40	1207	62.7F	8.8
66.45	1202	62.7F	8.8
66.50	1197	62.7F	8.8
66.55	1194	62.7F	8.8
66.60	1191	62.7F	8.8
66.65	1189	62.7F	8.8
66.70	1185	62.7F	8.8
66.75	1184	62.7F	8.8
66.80	1177	62.7F	8.8
66.85	1175	62.7F	8.8
66.90	1170	62.7F	8.8
66.95	1165	62.7F	8.8
67.00	1162	62.7F	8.8
67.05	1159	62.7F	8.8
67.10	1159	62.7F	8.8
67.15	1157	62.7F	8.8
67.20	1157	62.7F	8.8
67.25	1151	62.7F	8.8
67.30	1146	62.7F	8.8
67.35	1141	62.7F	8.8
67.40	1135	62.7F	8.8
67.45	1131	62.7F	8.8
67.50	1125	62.7F	8.8
67.55	1123	62.7F	8.8
67.60	1119	62.7F	8.8
67.65	1117	62.7F	8.8
67.70	1112	62.7F	8.8
67.75	1108	62.7F	8.8
67.80	1104	62.7F	8.8
67.85	1102	62.7F	8.8
67.90	1098	62.7F	8.8
67.95	1094	62.7F	8.8
68.00	1091	62.7F	8.8
68.05	1086	62.7F	8.8
68.10	1083	62.7F	8.8
68.15	1081	62.7F	8.8
68.20	1078	62.7F	8.8
68.25	1073	62.7F	8.8
68.30	1070	62.7F	8.8
68.35	1069	62.7F	8.8
68.40	1068	62.7F	8.8
68.45	1065	62.6F	8.8
68.50	1061	62.7F	8.8
68.55	1058	62.6F	8.8
68.60	1052	62.6F	8.8
68.65	1048	62.6F	8.8
68.70	1042	62.6F	8.8
68.75	1038	62.7F	8.8
68.80	1035	62.6F	8.8
68.85	1029	62.6F	8.8
68.90	1026	62.7F	8.8
68.95	1022	62.6F	8.8
69.00	1018	62.6F	8.8
69.05	1016	62.6F	8.8
69.10	1011	62.7F	8.8
69.15	1006	62.7F	8.8
69.20	1003	62.7F	8.8
69.25	1000	62.6F	8.8
69.30	994	62.7F	8.8
69.35	990	62.7F	8.8
69.40	988	62.6F	8.8
69.45	984	62.6F	8.8
69.50	983	62.6F	8.8
69.55	982	62.6F	8.8
69.60	981	62.6F	8.8
69.65	982	62.6F	8.8
69.70	981	62.6F	8.8
69.75	979	62.6F	8.8
69.80	976	62.6F	8.8
69.85	970	62.6F	8.8
69.90	965	62.6F	8.8
69.95	959	62.6F	8.8
70.00	952	62.6F	8.8
70.05	946	62.6F	8.8
70.10	941	62.6F	8.8
70.15	937	62.6F	8.8
70.20	931	62.6F	8.8
70.25	929	62.6F	8.8
70.30	925	62.6F	8.8
70.35	921	62.6F	8.8
70.40	917	62.6F	8.8
70.45	914	62.6F	8.8
70.50	912	62.6F	8.8
70.55	909	62.6F	8.8
70.60	907	62.6F	8.8
70.65	908	62.6F	8.8
70.70	908	62.6F	8.8
70.75	907	62.6F	8.8
70.80	902	62.6F	8.8
70.85	894	62.6F	8.8
70.90	886	62.6F	8.8
70.95	878	62.6F	8.8
71.00	873	62.6F	8.8
71.05	869	62.6F	8.8
71.10	867	62.6F	8.8
71.15	865	62.6F	8.8
71.20	865	62.6F	8.8
71.25	861	62.6F	8.8
71.30	857	62.6F	8.8
71.35	851	62.6F	8.8
71.40	847	62.6F	8.8
71.45	842	62.6F	8.8
71.50	835	62.6F	8.8
71.55	830	62.6F	8.8
71.60	828	62.6F	8.8
71.65	822	62.6F	8.8
71.70	820	62.6F	8.8
71.75	818	62.6F	8.8
71.80	813	62.6F	8.8
71.85	810	62.6F	8.8
71.90	807	62.6F	8.8
71.95	804	62.6F	8.8
72.00	800	62.6F	8.8
72.05	797	62.6F	8.8
72.10	794	62.6F	8.8
72.15	791	62.6F	8.8
72.20	788	62.6F	8.8
72.25	783	62.6F	8.8
72.30	778	62.6F	8.8
72.35	774	62.6F	8.8
72.40	768	62.6F	8.8
72.45	764	62.6F	8.8
72.50	760	62.6F	8.8
72.55	754	62.6F	8.8
72.60	751	62.6F	8.8
72.65	746	62.6F	8.8
72.70	745	62.6F	8.8
72.75	742	62.6F	8.8
72.80	739	62.6F	8.8
72.85	738	62.6F	8.8
72.90	733	62.6F	8.8
72.95	729	62.6F	8.8
73.00	725	62.6F	8.8
73.05	720	62.6F	8.8
73.10	716	62.6F	8.8
73.15	712	62.6F	8.8
73.20	706	62.6F	8.8
73.25	704	62.6F	8.8
73.30	699	62.6F	8.8
73.35	402	62.6F	8.6
73.40	656	62.6F	8.2
73.45	714	62.7F	8.6
73.50	687	62.7F	8.6
73.55	681	62.7F	8.7
73.60	682	62.8F	8.7
73.65	675	62.8F	8.7
73.70	671	62.9F	8.8
73.75	667	62.9F	8.8
73.80	665	62.9F	8.8
73.85	658	63.0F	8.8
73.90	652	63.0F	8.8
73.95	650	63.0F	8.8
74.00	647	63.0F	8.8
74.05	651	63.0F	8.8
74.10	653	63.0F	8.8
74.15	651	63.0F	8.8
74.20	649	63.1F	8.8
74.25	647	63.1F	8.8
74.30	640	63.1F	8.8
74.35	633	63.1F	8.8
74.40	642	63.1F	8.8
74.45	643	63.0F	8.8
74.50	634	63.0F	8.8
74.55	643	63.0F	8.8
74.60	630	63.1F	8.8
74.65	600	63.1F	8.8
74.70	593	63.1F	8.8
74.75	592	63.0F	8.8
74.80	595	63.0F	8.8
74.85	595	63.0F	8.8
74.90	595	63.0F	8.8
74.95	593	63.0F	8.8
75.00	593	63.0F	8.8
75.05	595	63.0F	8.8
75.10	598	63.0F	8.8
75.15	598	63.0F	8.8
75.20	597	63.0F	8.8
75.25	595	63.0F	8.8
75.30	598	63.0F	8.8
75.35	604	63.0F	8.8
75.40	607	63.0F	8.8
75.45	603	63.0F	8.8
75.50	592	63.0F	8.8
75.55	586	63.0F	8.8
75.60	586	63.0F	8.8
75.65	585	63.0F	8.8
75.70	585	63.0F	8.8
75.75	584	63.0F	8.8
75.80	579	62.9F	8.8
75.85	577	63.0F	8.8
75.90	574	63.0F	8.8
75.95	573	63.0F	8.8
76.00	575	63.0F	8.8
76.05	576	62.9F	8.8
76.10	576	62.9F	8.8
76.15	572	63.0F	8.8
76.20	570	62.9F	8.8
76.25	567	63.0F	8.8
76.30	565	62.9F	8.8
76.35	564	62.9F	8.8
76.40	560	62.9F	8.8
76.45	557	63.0F	8.8
76.50	557	62.9F	8.8
76.55	556	62.9F	8.8
76.60	556	62.9F	8.8
76.65	554	62.9F	8.8
76.70	552	62.9F	8.8
76.75	548	62.9F	8.8
76.80	546	62.9F	8.8
76.85	547	62.9F	8.8
76.90	542	62.9F	8.8
76.95	542	62.9F	8.8
77.00	539	62.9F	8.8
77.05	538	62.9F	8.8
77.10	537	62.9F	8.8
77.15	533	62.9F	8.8
77.20	532	62.9F	8.8
77.25	531	62.9F	8.8
77.30	530	62.9F	8.8
77.35	527	62.9F	8.8
77.40	526	62.9F	8.8
77.45	524	62.9F	8.8
77.50	522	62.9F	8.8
77.55	518	62.9F	8.8
77.60	516	62.9F	8.8
77.65	513	62.9F	8.8
77.70	514	62.9F	8.8
77.75	512	62.9F	8.8
77.80	512	62.9F	8.8
77.85	513	62.9F	8.8
77.90	512	62.9F	8.8
77.95	513	62.9F	8.8
78.00	513	62.9F	8.8
78.05	512	62.9F	8.8
78.10	515	62.9F	8.8
78.15	515	62.9F	8.8
78.20	515	62.9F	8.8
78.25	515	62.9F	8.8
78.30	515	62.9F	8.8
78.35	512	62.9F	8.8
78.40	512	62.9F	8.8
78.45	510	62.9F	8.8
78.50	510	62.9F	8.8
78.55	511	62.9F	8.8
78.60	510	62.9F	8.8
78.65	506	62.9F	8.8
78.70	505	62.9F	8.8
78.75	502	62.9F	8.8
78.80	501	62.9F	8.8
78.85	499	62.9F	8.8
78.90	496	62.9F	8.8
78.95	494	62.9F	8.8
79.00	494	62.9F	8.8
79.05	492	62.9F	8.8
79.10	494	62.9F	8.8
79.15	492	62.9F	8.8
79.20	492	62.9F	8.8
79.25	491	62.9F	8.8
79.30	492	62.9F	8.8
79.35	489	62.9F	8.8
79.40	488	62.9F	8.8
79.45	486	62.9F	8.8
79.50	485	62.9F	8.8
79.55	483	62.9F	8.8
79.60	482	62.9F	8.8
79.65	481	62.9F	8.8
79.70	481	62.9F	8.8
79.75	477	62.9F	8.8
79.80	477	62.9F	8.8
79.85	474	62.9F	8.8
79.90	470	62.9F	8.8
79.95	470	62.9F	8.8
80.00	472	62.9F	8.8
80.05	466	62.9F	8.8
80.10	465	62.9F	8.8
80.15	465	62.9F	8.8
80.20	463	62.9F	8.8
80.25	463	62.9F	8.8
80.30	460	62.9F	8.8
80.35	460	62.9F	8.8
80.40	458	62.9F	8.8
80.45	455	62.9F	8.8
80.50	454	62.9F	8.8
80.55	451	62.9F	8.8
80.60	450	62.9F	8.8
80.65	448	62.9F	8.8
80.70	446	62.9F	8.8
80.75	442	62.9F	8.8
80.80	439	62.9F	8.8
80.85	439	62.9F	8.8
80.90	436	62.9F	8.8
80.95	434	62.9F	8.8
81.00	432	62.9F	8.8
81.05	431	62.9F	8.8
81.10	429	62.9F	8.8
81.15	428	62.9F	8.8
81.20	427	62.9F	8.8
81.25	425	62.9F	8.8
81.30	423	62.9F	8.8
81.35	423	62.9F	8.8
81.40	420	62.9F	8.8
81.45	419	62.9F	8.8
81.50	418	62.9F	8.8
81.55	417	62.9F	8.8
81.60	415	62.9F	8.8
81.65	416	62.9F	8.8
81.70	415	62.9F	8.8
81.75	414	62.9F	8.8
81.80	415	62.9F	8.8
81.85	414	62.9F	8.8
81.90	413	62.9F	8.8
81.95	412	62.9F	8.8
82.00	413	62.9F	8.8
82.05	413	62.9F	8.8
82.10	412	62.9F	8.8
82.15	412	62.9F	8.8
82.20	411	62.9F	8.8
82.25	411	62.9F	8.8
82.30	412	62.9F	8.8
82.35	409	62.9F	8.8
82.40	408	62.9F	8.8
82.45	407	62.9F	8.8
82.50	406	62.9F	8.8
82.55	405	62.9F	8.8
82.60	404	62.9F	8.8
82.65	402	62.9F	8.8
82.70	402	62.9F	8.8
82.75	402	62.9F	8.8
82.80	400	62.9F	8.8
82.85	397	62.9F	8.8
82.90	395	62.9F	8.8
82.95	393	62.9F	8.8
83.00	391	62.9F	8.8
83.05	389	62.9F	8.8
83.10	388	62.9F	8.8
83.15	384	62.9F	8.8
83.20	383	62.9F	8.8
83.25	380	62.9F	8.8
83.30	376	62.9F	8.8
83.35	375	62.9F	8.8
83.40	373	62.9F	8.8
83.45	371	62.9F	8.8
83.50	370	62.9F	8.8
83.55	368	62.9F	8.8
83.60	367	62.9F	8.8
83.65	365	62.9F	8.8
83.70	365	62.9F	8.8
83.75	363	62.9F	8.8
83.80	363	62.9F	8.8
83.85	361	62.9F	8.8
83.90	360	62.9F	8.8
83.95	359	62.9F	8.8
84.00	357	62.9F	8.8
84.05	356	62.9F	8.8
84.10	356	62.9F	8.8
84.15	356	62.9F	8.8
84.20	355	62.9F	8.8
84.25	355	62.9F	8.8
84.30	355	62.9F	8.8
84.35	353	62.9F	8.8
84.40	352	62.9F	8.8
84.45	350	62.9F	8.8
84.50	349	62.9F	8.8
84.55	347	62.9F	8.8
84.60	345	62.9F	8.8
84.65	344	62.9F	8.8
84.70	343	62.9F	8.8
84.75	342	62.9F	8.8
84.80	342	62.9F	8.8
84.85	340	62.9F	8.8
84.90	339	62.9F	8.8
84.95	337	62.9F	8.8
85.00	336	62.9F	8.8
85.05	334	62.9F	8.8
85.10	332	62.9F	8.8
85.15	332	62.9F	8.8
85.20	331	62.9F	8.8
85.25	330	62.9F	8.8
85.30	328	62.9F	8.8
85.35	328	62.9F	8.8
85.40	327	62.9F	8.8
85.45	328	62.9F	8.8
85.50	329	62.9F	8.8
85.55	329	62.9F	8.8
85.60	329	62.9F	8.8
85.65	329	62.9F	8.8
85.70	329	62.9F	8.8
85.75	328	62.9F	8.8
85.80	326	62.9F	8.8
85.85	325	62.9F	8.8
85.90	323	62.9F	8.8
85.95	321	62.9F	8.8
86.00	317	62.9F	8.8
86.05	319	62.9F	8.8
86.10	318	62.9F	8.8
86.15	318	62.9F	8.8
86.20	316	62.9F	8.8
86.25	315	62.9F	8.8
86.30	314	62.9F	8.8
86.35	315	62.8F	8.8
86.40	312	62.8F	8.8
86.45	311	62.9F	8.8
86.50	308	62.9F	8.8
86.55	309	62.8F	8.8
86.60	309	62.8F	8.8
86.65	311	62.8F	8.8
86.70	310	62.8F	8.8
86.75	309	62.8F	8.8
86.80	307	62.8F	8.8
86.85	306	62.8F	8.8
86.90	305	62.8F	8.8
86.95	302	62.8F	8.8
87.00	300	62.8F	8.8
87.05	299	62.8F	8.8
87.10	295	62.8F	8.8
87.15	295	62.8F	8.8
87.20	292	62.9F	8.8
87.25	290	62.8F	8.8
87.30	289	62.8F	8.8
87.35	288	62.8F	8.8
87.40	284	62.8F	8.8
87.45	281	62.8F	8.8
87.50	279	62.8F	8.8
87.55	277	62.8F	8.8
87.60	274	62.9F	8.8
87.65	271	62.9F	8.8
87.70	271	62.9F	8.8
87.75	269	62.8F	8.8
87.80	269	62.8F	8.8
87.85	267	62.8F	8.8
87.90	266	62.8F	8.8
87.95	266	62.8F	8.8
88.00	265	62.8F	8.8
88.05	264	62.8F	8.8
88.10	266	62.8F	8.8
88.15	265	62.8F	8.8
88.20	265	62.8F	8.8
88.25	264	62.8F	8.8
88.30	263	62.8F	8.8
88.35	263	62.8F	8.8
88.40	262	62.8F	8.8
88.45	262	62.8F	8.8
88.50	262	62.8F	8.8
88.55	259	62.8F	8.8
88.60	259	62.8F	8.8
88.65	256	62.8F	8.8
88.70	255	62.8F	8.8
88.75	256	62.8F	8.8
88.80	254	62.8F	8.8
88.85	253	62.8F	8.8
88.90	253	62.8F	8.8
88.95	252	62.8F	8.8
89.00	251	62.8F	8.8
89.05	249	62.8F	8.8
89.10	247	62.8F	8.8
89.15	244	62.8F	8.8
89.20	243	62.8F	8.8
89.25	241	62.8F	8.8
89.30	240	62.8F	8.8
89.35	238	62.8F	8.8
89.40	236	62.8F	8.8
89.45	235	62.8F	8.8
89.50	234	62.8F	8.8
89.55	232	62.8F	8.8
89.60	230	62.8F	8.8
89.65	229	62.8F	8.8
89.70	229	62.8F	8.8
89.75	228	62.8F	8.8
89.80	229	62.8F	8.8
89.85	227	62.8F	8.8
89.90	226	62.8F	8.8
89.95	226	62.8F	8.8
90.00	226	62.8F	8.8
90.05	226	62.8F	8.8
90.10	222	62.8F	8.8
90.15	223	62.8F	8.8
90.20	220	62.8F	8.8
90.25	219	62.8F	8.8
90.30	218	62.8F	8.8
90.35	217	62.8F	8.8
90.40	217	62.8F	8.8
90.45	215	62.8F	8.8
90.50	214	62.8F	8.8
90.55	215	62.8F	8.8
90.60	211	62.8F	8.8
90.65	210	62.8F	8.8
90.70	210	62.8F	8.8
90.75	206	62.8F	8.8
90.80	203	62.8F	8.8
90.85	203	62.8F	8.8
90.90	202	62.8F	8.8
90.95	199	62.8F	8.8
91.00	198	62.8F	8.8
91.05	197	62.8F	8.8
91.10	195	62.8F	8.8
91.15	193	62.8F	8.8
91.20	192	62.8F	8.8
91.25	193	62.8F	8.8
91.30	190	62.8F	8.8
91.35	189	62.8F	8.8
91.40	190	62.8F	8.8
91.45	187	62.8F	8.8
91.50	186	62.8F	8.8
91.55	186	62.8F	8.8
91.60	184	62.8F	8.8
91.65	182	62.8F	8.8
91.70	181	62.8F	8.8
91.75	178	62.8F	8.8
91.80	179	62.8F	8.8
91.85	177	62.8F	8.8
91.90	176	62.8F	8.8
91.95	174	62.8F	8.8
92.00	172	62.8F	8.8
92.05	172	62.8F	8.8
92.10	170	62.8F	8.8
92.15	171	62.8F	8.8
92.20	167	62.8F	8.8
92.25	168	62.8F	8.8
92.30	166	62.8F	8.8
92.35	163	62.8F	8.8
92.40	163	62.8F	8.8
92.45	161	62.8F	8.8
92.50	159	62.8F	8.8
92.55	157	62.8F	8.8
92.60	157	62.8F	8.8
92.65	155	62.8F	8.8
92.70	154	62.8F	8.8
92.75	151	62.8F	8.8
92.80	152	62.8F	8.8
92.85	152	62.8F	8.8
92.90	149	62.8F	8.8
92.95	147	62.8F	8.8
93.00	145	62.8F	8.8
93.05	143	62.8F	8.8
93.10	141	62.8F	8.8
93.15	141	62.8F	8.8
93.20	139	62.8F	8.8
93.25	139	62.8F	8.8
93.30	136	62.8F	8.8
93.35	136	62.8F	8.8
93.40	136	62.8F	8.8
93.45	135	62.8F	8.8
93.50	134	62.8F	8.8
93.55	132	62.8F	8.8
93.60	131	62.8F	8.8
93.65	131	62.8F	8.8
93.70	130	62.8F	8.8
93.75	130	62.8F	8.8
93.80	128	62.8F	8.8
93.85	127	62.8F	8.8
93.90	125	62.8F	8.8
93.95	124	62.8F	8.8
94.00	121	62.8F	8.8
94.05	120	62.8F	8.8
94.10	119	62.8F	8.8
94.15	118	62.8F	8.8
94.20	114	62.8F	8.8
94.25	112	62.8F	8.8
94.30	112	62.8F	8.8
94.35	110	62.8F	8.8
94.40	109	62.8F	8.8
94.45	109	62.8F	8.8
94.50	108	62.8F	8.8
94.55	107	62.8F	8.8
94.60	107	62.8F	8.8
94.65	108	62.8F	8.8
94.70	108	62.8F	8.8
94.75	107	62.8F	8.8
94.80	106	62.8F	8.8
94.85	107	62.8F	8.8
94.90	105	62.8F	8.8
94.95	104	62.8F	8.8
95.00	103	62.8F	8.8
95.05	104	62.8F	8.8
95.10	103	62.8F	8.8
95.15	102	62.8F	8.8
95.20	99	62.8F	8.8
95.25	97	62.8F	8.8
95.30	95	62.8F	8.8
95.35	94	62.8F	8.8
95.40	92	62.8F	8.8
95.45	89	62.8F	8.8
95.50	87	62.8F	8.8
95.55	85	62.8F	8.8
95.60	81	62.8F	8.8
95.65	79	62.8F	8.8
95.70	76	62.8F	8.8
95.75	74	62.8F	8.8
95.80	73	62.8F	8.8
95.85	73	62.8F	8.8
95.90	72	62.8F	8.8
95.95	71	62.8F	8.8
96.00	71	62.8F	8.8
96.05	70	62.8F	8.8
96.10	71	62.8F	8.8
96.15	71	62.8F	8.8
96.20	71	62.8F	8.8
96.25	70	62.8F	8.8
96.30	69	62.8F	8.8
96.35	69	62.8F	8.8
96.40	69	62.8F	8.8
96.45	69	62.8F	8.8
96.50	64	62.8F	8.8
96.55	65	62.8F	8.8
96.60	64	62.8F	8.8
96.65	64	62.8F	8.8
96.70	61	62.8F	8.8
96.75	60	62.8F	8.8
96.80	59	62.8F	8.8
96.85	57	62.8F	8.8
96.90	56	62.8F	8.8
96.95	54	62.8F	8.8
97.00	56	62.8F	8.8
97.05	55	62.8F	8.8
97.10	53	62.8F	8.8
97.15	51	62.8F	8.8
97.20	46	62.8F	8.8
97.25	45	62.8F	8.8
97.30	43	62.8F	8.8
97.35	40	62.8F	8.8
97.40	37	62.8F	8.8
97.45	32	62.8F	8.8
97.50	29	62.8F	8.8
97.55	25	62.8F	8.8
97.60	21	62.8F	8.8
97.65	24	62.7F	8.8
97.70	23	62.8F	8.8
97.75	27	62.8F	8.8
97.80	28	62.7F	8.8
97.85	29	62.7F	8.8
97.90	32	62.7F	8.8
97.95	32	62.7F	8.8
98.00	37	62.7F	8.8
98.05	39	62.7F	8.8
98.10	38	62.7F	8.8
98.15	36	62.7F	8.8
98.20	34	62.7F	8.8
98.25	31	62.7F	8.8
98.30	28	62.7F	8.8
98.35	28	62.7F	8.8
98.40	28	62.7F	8.8
98.45	29	62.7F	8.8
98.50	29	62.7F	8.8
98.55	25	62.7F	8.8
98.60	23	62.7F	8.8
98.65	22	62.7F	8.8
98.70	19	62.7F	8.8
98.75	17	62.7F	8.8
98.80	16	62.7F	8.8
98.85	14	62.7F	8.8
98.90	13	62.7F	8.8
98.95	12	62.7F	8.8
99.00	17	62.7F	8.8
99.05	22	62.7F	8.8
99.10	24	62.7F	8.8
99.15	26	62.7F	8.8
99.20	27	62.7F	8.8
99.25	28	62.7F	8.8
99.30	29	62.7F	8.8
99.35	29	62.7F	8.8
99.40	28	62.7F	8.8
99.45	28	62.7F	8.8
99.50	28	62.7F	8.8
99.55	29	62.7F	8.8
99.60	29	62.7F	8.8
99.65	29	62.7F	8.8
99.70	29	62.7F	8.8
99.75	28	62.7F	8.8
99.80	27	62.7F	8.8
99.85	29	62.7F	8.8
99.90	29	62.7F	8.8
99.95	28	62.7F	8.8
100.00	28	62.7F	8.8
100.05	29	62.7F	8.8
100.10	28	62.7F	8.8
100.15	29	62.7F	8.8
100.20	28	62.7F	8.8
100.25	28	62.7F	8.8
100.30	29	62.7F	8.8
100.35	28	62.7F	8.8
100.40	29	62.7F	8.8
100.45	29	62.7F	8.8
100.50	28	62.7F	8.8
100.55	29	62.7F	8.8
100.60	29	62.7F	8.8
100.65	29	62.7F	8.8
100.70	30	62.7F	8.8
100.75	30	62.7F	8.8
100.80	31	62.7F	8.8
100.85	30	62.7F	8.8
100.90	29	62.7F	8.8
100.95	29	62.7F	8.8
101.00	31	62.7F	8.8
101.05	29	62.7F	8.8
101.10	30	62.7F	8.8
101.15	29	62.7F	8.8
101.20	26	62.7F	8.8
101.25	23	62.7F	8.8
101.30	19	62.7F	8.8
101.35	15	62.7F	8.8
101.40	11	62.7F	8.8
101.45	8	62.7F	8.8
101.50	5	62.7F	8.8
101.55	4	62.7F	8.8
101.60	6	62.7F	8.8
101.65	8	62.7F	8.8
101.70	11	62.7F	8.8
101.75	15	62.7F	8.8
101.80	17	62.7F	8.8
101.85	20	62.7F	8.8
101.90	21	62.7F	8.8
101.95	20	62.7F	8.8
102.00	20	62.7F	8.8
102.05	20	62.7F	8.8
102.10	20	62.7F	8.8
102.15	20	62.7F	8.8
102.20	20	62.7F	8.8
102.25	20	62.7F	8.8
102.30	19	62.7F	8.8
102.35	18	62.7F	8.8
102.40	19	62.7F	8.8
102.45	19	62.7F	8.8
102.50	20	62.7F	8.8
102.55	18	62.7F	8.8
102.60	20	62.7F	8.8
102.65	20	62.7F	8.8
102.70	19	62.7F	8.8
102.75	20	62.7F	8.8
102.80	19	62.7F	8.8
102.85	19	62.7F	8.8
102.90	19	62.7F	8.8
102.95	19	62.7F	8.8
103.00	20	62.7F	8.8
103.05	19	62.7F	8.8
103.10	19	62.7F	8.8
103.15	19	62.7F	8.8
103.20	19	62.7F	8.8
103.25	19	62.7F	8.8
103.30	19	62.7F	8.8
103.35	19	62.7F	8.8
103.40	19	62.7F	8.8
103.45	19	62.7F	8.8
103.50	19	62.7F	8.8
103.55	20	62.7F	8.8
103.60	19	62.7F	8.8
103.65	19	62.7F	8.8
103.70	19	62.7F	8.8
103.75	19	62.7F	8.8
103.80	19	62.7F	8.8
103.85	19	62.7F	8.8
103.90	19	62.7F	8.8
103.95	19	62.7F	8.8
104.00	18	62.7F	8.8
104.05	19	62.7F	8.8
104.10	20	62.7F	8.8
104.15	19	62.7F	8.8
104.20	20	62.7F	8.8
104.25	18	62.7F	8.8
104.30	18	62.7F	8.8
104.35	18	62.7F	8.8
104.40	17	62.7F	8.8
104.45	19	62.7F	8.8
104.50	18	62.7F	8.8
104.55	16	62.7F	8.8
104.60	15	62.7F	8.8
104.65	13	62.7F	8.8
104.70	11	62.7F	8.8
104.75	11	62.7F	8.8
104.80	9	62.7F	8.8
104.85	8	62.7F	8.8
104.90	7	62.7F	8.8
104.95	6	62.7F	8.8
105.00	6	62.7F	8.8
105.05	5	62.7F	8.8
105.10	6	62.7F	8.8
105.15	6	62.7F	8.8
105.20	6	62.7F	8.8
105.25	5	62.7F	8.8
105.30	4	62.7F	8.8
105.35	4	62.7F	8.8
105.40	5	62.7F	8.8
105.45	4	62.7F	8.8
105.50	4	62.7F	8.8
105.55	5	62.7F	8.8
105.60	4	62.7F	8.8
105.65	5	62.7F	8.8
105.70	6	62.7F	8.8
105.75	11	62.7F	8.8
105.80	14	62.7F	8.8
105.85	19	62.7F	8.8
105.90	23	62.7F	8.8
105.95	26	62.7F	8.8
106.00	28	62.7F	8.8
106.05	31	62.7F	8.8
106.10	30	62.7F	8.8
106.15	31	62.7F	8.8
106.20	29	62.7F	8.8
106.25	26	62.7F	8.8
106.30	25	62.7F	8.8
106.35	21	62.7F	8.8
106.40	18	62.7F	8.8
106.45	15	62.7F	8.8
106.50	14	62.7F	8.8
106.55	14	62.7F	8.8
106.60	15	62.7F	8.8
106.65	16	62.7F	8.8
106.70	16	62.7F	8.8
106.75	17	62.7F	8.8
106.80	16	62.7F	8.8
106.85	14	62.7F	8.8
106.90	15	62.7F	8.8
106.95	15	62.7F	8.8
107.00	15	62.7F	8.8
107.05	15	62.7F	8.8
107.10	15	62.7F	8.8
107.15	15	62.7F	8.8
107.20	15	62.7F	8.8
107.25	15	62.7F	8.8
107.30	16	62.7F	8.8
107.35	15	62.7F	8.8
107.40	16	62.7F	8.8
107.45	16	62.7F	8.8
107.50	15	62.7F	8.8
107.55	15	62.7F	8.8
107.60	16	62.7F	8.8
107.65	15	62.7F	8.8
107.70	15	62.7F	8.8
107.75	17	62.7F	8.8
107.80	15	62.7F	8.8
107.85	16	62.7F	8.8
107.90	15	62.7F	8.8
107.95	16	62.7F	8.8
108.00	15	62.7F	8.8
108.05	13	62.7F	8.8
108.10	15	62.7F	8.8
108.15	16	62.7F	8.8
108.20	15	62.7F	8.8
108.25	15	62.7F	8.8
108.30	16	62.7F	8.8
108.35	16	62.7F	8.8
108.40	14	62.7F	8.8
108.45	16	62.7F	8.8
108.50	17	62.7F	8.8
108.55	15	62.7F	8.8
108.60	16	62.7F	8.8
108.65	15	62.7F	8.8
108.70	16	62.7F	8.8
108.75	16	62.7F	8.8
108.80	15	62.7F	8.8
108.85	15	62.7F	8.8
108.90	15	62.7F	8.8
108.95	15	62.7F	8.8
109.00	15	62.7F	8.8
109.05	16	62.7F	8.8
109.10	16	62.7F	8.8
109.15	15	62.7F	8.8
